90.0371
0.0527718 86.4201 18.6977 14.0501 0.00105603 5.55335 0.00707684 0.163225 
119.1
0.0607065 36.4836 2.38391 6.13516 0.022981 2.24375 0.00978853 0.22584 
81.3781
0.0429441 67.3016 0.191607 39.6965 0.00228249 1.4594 0.00601167 0.138388 
62.6804
0.0326562 100 15.898 100 0.001 1.92264 0.00435979 0.113738 
106.449
0.0524543 66.8638 0.94407 7.73244 0.0338297 4.19149 0.011119 0.239027 
57.0892
0.0323192 51.2363 39.0591 100 0.00432629 2.76867 0.00384746 0.114199 
101.36
0.0351022 73.9855 100 60.792 0.001 18.6419 0.0057781 0.135125 
93.7201
0.0393699 80.5504 4.0541 37.7616 0.001 1.16371 0.00562685 0.153272 
65.9286
0.0409697 38.5696 6.42066 32.3671 0.001 1.2971 0.00517782 0.122141 
81.1778
0.0362873 24.1942 3.07123 21.9994 0.0184579 4.5787 0.00416469 0.123291 
65.2326
0.0377711 81.1389 1.63544 44.6951 0.0178669 4.08604 0.00581347 0.138697 
93.683
0.0506017 33.6634 0.0416009 14.7422 0.018441 14.783 0.00566582 0.132015 
131.135
0.0598097 87.969 0.486275 10.5072 0.00146314 18.7602 0.00993271 0.216864 
80.7559
0.0486783 59.0049 0.001 20.6877 0.00108695 24.6439 0.00650098 0.145558 
478.524
0.001 92.1708 0.131304 100 0.0740451 0.0972976 0.120059 21.0875 
140.239
0.0555775 100 25.0338 4.89481 0.001 27.5515 0.00898095 0.232578 
83.9712
0.029122 86.2911 3.82962 61.9921 0.020139 0.527414 0.00427174 0.130293 
131.311
0.0464807 100 33.8527 8.15963 0.00744782 13.8104 0.0126148 0.30161 
87.5297
0.0480959 40.7881 0.570064 11.3594 0.00357063 100 0.007792 0.181495 
77.7861
0.0473886 44.0111 1.00821 11.6623 0.00187538 2.5635 0.00818624 0.192983 
122.328
0.0500959 100 0.235014 8.57802 0.00114211 2.74885 0.0141594 0.324508 
123.894
0.050422 43.8986 0.53914 7.48359 0.00366126 6.01379 0.00830264 0.193568 
75.4538
0.0301205 50.0555 10.4029 16.8255 0.327036 15.4218 0.0057635 0.176554 
95.0113
0.031399 75.6125 3.2766 40.8096 0.001 5.83439 0.0044155 0.141306 
67.3972
0.0449667 27.1124 0.0852762 16.1301 0.00138004 1.3734 0.00547905 0.134454 
213.554
0.0199423 66.6662 0.387613 60.8342 0.00233522 0.955173 0.0021569 0.13443 
69.5036
0.0296378 47.8917 1.86847 45.3959 0.001 11.9456 0.00277078 0.098583 
94.0564
0.0363899 53.0373 0.35858 29.7841 0.143124 11.5331 0.00592716 0.162486 
84.7045
0.043191 86.0148 3.24976 34.9984 0.00226381 37.949 0.0049761 0.127019 
54.0933
0.0388209 52.3681 19.4768 30.4673 0.0740451 6.80888 0.00537662 0.12981 
97.2712
0.045946 41.3657 100 22.7438 0.001 11.2808 0.00800904 0.192278 
166.509
0.0441759 100 61.2812 4.11243 0.617509 35.9861 0.0146364 0.4022 
80.7832
0.0468178 100 0.692813 24.3458 0.00154604 0.91856 0.00806071 0.16857 
78.224
0.0273163 71.6234 30.942 100 0.00458297 14.638 0.00334933 0.102526 
124.713
0.0517708 61.0149 0.0942068 12.9501 0.001 0.336077 0.0149515 0.318457 
102.813
0.0384532 70.4686 0.0250899 72.9702 0.011656 10.2301 0.00308788 0.084705 
112.01
0.0398623 40.86 0.104767 13.2039 0.001 0.792759 0.00856707 0.22036 
91.4693
0.0416069 100 49.4158 8.94408 0.056173 13.7434 0.00857437 0.237292 
316.903
0.0313547 81.6723 3.23851 5.33665 0.246756 1.32577 0.0135576 0.533486 
71.9995
0.0451312 34.4368 2.49594 14.1064 0.00150178 2.21629 0.00724696 0.172112 
147.914
0.0459368 39.5035 0.00913609 14.334 0.00191663 0.88942 0.0116233 0.261695 
70.982
0.0420153 96.9013 0.0660859 36.0573 0.0011114 1.47999 0.00705092 0.166822 
68.1233
0.0414547 26.9141 0.0675811 19.1304 0.0345208 1.19175 0.00472988 0.127665 
76.7889
0.0501189 69.9172 2.29851 18.7652 0.00103081 4.14642 0.00807362 0.167138 
78.8085
0.0420034 40.5608 0.00254679 19.0883 0.00823541 0.858947 0.00545449 0.149115 
74.5993
0.0445869 58.8255 0.0422199 44.3316 0.703079 23.4178 0.00448615 0.105109 
82.0185
0.0478872 28.9502 8.55764 8.74595 0.0128262 11.7993 0.00701319 0.182597 
76.1685
0.0515973 100 16.3966 22.4324 0.001 14.5724 0.00778967 0.164002 
97.0972
0.0440625 81.819 100 30.9077 0.00350414 6.68146 0.00804227 0.206603 
74.9334
0.0351168 59.7506 79.499 48.3779 0.001 6.29272 0.00486875 0.149171 
115.837
0.0499432 54.2447 3.6789 6.84587 0.0073969 7.01873 0.0116992 0.267024 
66.882
0.0334565 70.2912 2.43512 53.5509 0.001 3.69973 0.00330719 0.103952 
86.7974
0.0458156 38.4247 1.7498 14.7724 0.526772 37.1544 0.00838598 0.182335 
92.1716
0.0538749 42.7748 0.0623624 15.0391 0.001256 27.5409 0.00794388 0.173088 
59.4556
0.040384 20.863 1.42958 19.6968 0.00572017 7.97419 0.00419823 0.106463 
90.4151
0.0472321 100 7.8637 14.3898 0.00259802 5.79585 0.00723242 0.190323 
102.1
0.0518822 32.9072 0.813603 10.8603 0.00231033 1.43688 0.00668517 0.150619 
84.8541
0.0375402 51.3491 0.0020316 57.9707 0.00480827 2.35662 0.00411117 0.0994907 
77.4272
0.0356646 93.1604 2.40626 56.3536 0.00183048 1.15245 0.00392732 0.117964 
67.3569
0.035795 100 36.3987 69.6838 0.00339714 21.098 0.00434811 0.110989 
103.274
0.0508269 91.3323 1.8964 25.9068 0.001 0.720065 0.00885773 0.173331 
62.7686
0.0430461 39.1273 0.836692 18.7401 0.001 13.5541 0.00597007 0.148061 
66.1426
0.0456067 100 11.9463 27.6213 0.00384968 3.69044 0.00698625 0.155513 
101.023
0.0454575 36.5588 0.0176399 15.0977 0.00190451 20.8994 0.00512146 0.136903 
67.0858
0.0327369 19.0586 8.68426 29.7121 0.00707052 2.6416 0.00349559 0.0957264 
88.7132
0.0514538 43.682 3.46522 10.1363 0.00234701 13.2034 0.0079068 0.177898 
88.105
0.0485621 82.7862 0.118149 19.8325 0.001 57.0196 0.00679359 0.166923 
106.451
0.047627 47.7532 4.70018 14.0267 0.00209319 16.1663 0.00553218 0.143662 
89.6888
0.0537684 22.3554 5.0167 7.7755 0.0270147 20.2066 0.00809864 0.191611 
215.739
0.0357345 97.0346 1.71768 8.15531 0.0105237 0.285559 0.0340202 1.35659 
66.7349
0.0248626 56.5312 100 100 0.0187375 21.554 0.00236043 0.0907385 
106.394
0.038815 23.932 2.20151 23.1025 0.001 0.472297 0.00527433 0.132549 
267.291
0.0333406 80.336 2.09317 14.0816 0.00110134 0.197989 2.22824 100 
83.5544
0.0433553 96.7983 5.46572 22.8768 0.00246546 2.65091 0.00627716 0.150552 
100.657
0.0559637 52.1979 10.2909 7.59378 0.0240559 100 0.0114374 0.239559 
59.7478
0.0350461 74.959 100 19.038 0.128666 15.6472 0.00560177 0.173467 
71.7913
0.0495092 89.4449 21.2302 27.6888 0.00572214 16.7164 0.0069842 0.146143 
83.5289
0.0529909 39.2165 33.5783 11.2316 0.001 40.3873 0.00757741 0.176508 
103.341
0.0318866 56.1157 100 74.0165 0.00286515 17.4532 0.00330264 0.0920404 
90.9804
0.0479603 85.7674 1.31594 16.2289 0.001 5.20673 0.00926012 0.194346 
61.4234
0.0337753 83.7541 32.87 62.607 0.001 6.4943 0.00408382 0.124033 
71.5942
0.0417586 78.793 26.6938 31.2846 0.0364884 4.23199 0.007 0.154063 
99.2761
0.0376786 47.2671 0.124297 19.0834 0.00140663 0.87759 0.00614265 0.163958 
82.0144
0.0341389 45.3696 0.579963 37.5867 0.0286793 2.32204 0.00380585 0.118781 
103.592
0.0246383 37.3833 21.9362 49.5595 0.0271748 3.65863 0.00340199 0.128514 
78.1936
0.0469489 56.0982 0.00119372 26.2013 0.00154946 7.98774 0.00588582 0.141613 
94.7204
0.0287248 43.1041 3.83651 40.9309 0.00153457 7.02531 0.0027037 0.0953506 
147.807
0.0416679 46.3929 0.00759431 9.78737 0.0199996 5.23922 0.00936877 0.275828 
101.213
0.0468422 78.5478 0.278228 16.5944 0.00448765 11.9209 0.00720774 0.190634 
154.817
0.0719061 100 0.0633594 5.12282 0.001 1.3221 0.0155178 0.302109 
67.3488
0.0475951 41.8743 1.16454 19.8351 0.001 9.62972 0.00652288 0.141811 
89.0426
0.0552092 100 3.08404 17.1839 0.00150178 3.04743 0.0077814 0.159526 
68.63
0.0393196 48.0085 6.59932 39.1197 0.00203159 2.24033 0.00560023 0.128618 
68.6638
0.0447421 47.0994 2.9503 17.1338 0.0018383 12.6028 0.00665754 0.163754 
61.918
0.0376208 28.8357 1.24653 27.1627 0.00412735 9.38753 0.00451634 0.115581 
83.9078
0.0455876 40.6031 1.76799 13.0971 0.0113745 11.6892 0.00804179 0.196735 
83.4012
0.0441707 68.2225 60.9818 38.6879 0.00195747 22.4734 0.00449861 0.114846 
79.115
0.0471801 39.2165 2.95749 24.0547 0.00432629 4.67504 0.00655803 0.133745 
137.048
0.0518136 31.9787 0.120959 10.5054 0.00375389 5.82804 0.00621625 0.171896 
93.531
0.0402077 100 0.0110389 42.1069 0.0230031 0.989866 0.00794905 0.182652 
106.45
0.024375 35.7014 4.74291 39.7713 0.00216188 34.5672 0.00252759 0.112482 
72.271
0.0453624 41.6107 5.27758 14.9393 0.00377367 12.0872 0.00732204 0.174597 
339.628
0.0242334 60.578 0.001 29.9438 0.00818245 0.116107 0.213221 14.0074 
103.274
0.0575936 96.6391 0.767519 7.10467 0.001 2.77836 0.0101162 0.224074 
70.7477
0.039591 100 0.00372058 45.2627 0.00159732 0.756167 0.00635222 0.160684 
92.7728
0.0520758 35.6472 4.67562 7.7645 0.001 9.41684 0.0100653 0.230899 
127.287
0.046255 37.5244 0.001 9.35649 0.173996 3.66033 0.00734688 0.227642 
88.7408
0.0476008 60.1321 1.08612 13.5695 0.118919 11.2984 0.00739513 0.189606 
109.036
0.0415339 88.0819 62.5175 5.40223 0.150475 17.8808 0.0103216 0.299931 
160.63
0.0203421 83.3687 0.916345 59.5789 0.0180638 1.28225 0.00148074 0.11916 
85.1263
0.0446922 43.9238 100 16.7007 0.00180478 11.6379 0.00583491 0.172781 
57.3562
0.0407715 41.7831 15.499 22.7057 0.01328 8.11598 0.00561636 0.141381 
63.9194
0.0344115 72.5735 30.2427 17.9098 0.117172 6.04177 0.00601214 0.169336 
106.146
0.0304488 68.4125 3.56223 36.2702 0.00214079 4.86374 0.0041703 0.147697 
94.7438
0.0380704 62.2805 4.15896 100 0.001 2.4708 0.00362493 0.0785259 
108.69
0.0559723 92.0318 0.0495654 9.89926 0.001 10.4759 0.0123483 0.257628 
114.029
0.0434123 89.7591 0.714032 59.6394 0.0011784 2.81942 0.00433273 0.110532 
58.8372
0.039578 24.5516 9.84383 23.1594 0.0160477 2.42499 0.00499245 0.126038 
85.8703
0.0393821 24.5555 8.12934 12.9245 0.0098345 2.69242 0.00619058 0.184136 
62.2926
0.034359 52.1749 0.127565 35.8716 0.0277926 1.73888 0.00462987 0.132121 
73.0417
0.0485021 44.7077 0.0259551 17.8172 0.00183521 12.268 0.00735421 0.158819 
80.2015
0.0266155 100 2.35571 100 0.00138881 3.60014 0.00352789 0.107624 
72.6718
0.0392768 63.4186 3.5494 27.5282 0.00341324 11.2464 0.0060901 0.151735 
181.657
0.0443642 95.2197 0.0799951 5.88501 0.00204194 10.104 0.00903728 0.273831 
95.8731
0.0309217 55.5711 19.8718 13.1895 0.649495 25.5181 0.00689005 0.207679 
72.9966
0.0354521 92.459 92.5159 53.8352 0.001 18.6829 0.00481557 0.144188 
116.896
0.0447867 65.9004 1.31239 14.9207 0.001 1.32646 0.0110177 0.242409 
151.523
0.0476537 47.6908 1.11203 8.96629 0.001 2.95624 0.00752875 0.17463